40 1000
1 34 7428
1 35 4705
1 4 791
1 6 5078
1 38 2454
1 7 1967
1 10 6711
1 12 8527
1 13 4943
1 15 6892
1 18 5557
1 19 3918
1 21 7826
1 22 4349
1 25 1429
1 26 3022
1 27 313
1 28 7721
1 29 3546
1 31 4929
2 1 2080
2 3 6667
2 4 5604
2 5 9741
2 6 2507
2 9 5865
2 11 670
2 13 2112
2 14 7153
2 15 53
2 16 4133
2 17 7382
2 18 4960
2 19 5125
2 20 2741
2 21 3396
2 22 714
2 23 6324
2 24 5336
2 26 2026
2 28 5290
2 29 4769
2 30 7425
2 31 7551
2 32 1718
2 33 2547
2 34 3993
2 35 4609
2 36 8517
2 38 6224
2 39 829
2 40 7713
3 1 5779
3 2 549
3 8 9728
3 9 6107
3 10 1479
3 11 3803
3 15 5473
3 16 6731
3 17 6617
3 18 3963
3 20 9146
3 21 3482
3 24 3876
3 25 3442
3 27 5233
3 29 5036
3 31 4173
3 33 7781
3 34 1944
3 35 7187
3 36 6263
3 37 1433
3 38 6946
3 40 7389
4 1 2131
4 5 8394
4 7 9381
4 9 7172
4 10 3392
4 12 9813
4 13 5650
4 15 5164
4 16 5376
4 17 4112
4 18 2779
4 21 1507
4 23 9953
4 25 1105
4 26 9168
4 27 8723
4 29 6702
4 30 6763
4 31 2228
4 32 9222
4 34 8277
4 35 6414
4 36 3416
4 38 9382
4 40 7749
5 1 4184
5 6 376
5 7 6774
5 8 7855
5 9 2523
5 11 1880
5 12 1185
5 15 4969
5 16 541
5 17 7745
5 19 4098
5 20 3360
5 22 4619
5 24 5425
5 25 8528
5 26 8916
5 29 2570
5 31 4307
5 33 7156
5 34 2908
5 36 3986
5 37 6759
5 38 1625
5 39 6746
6 1 5672
6 2 6260
6 3 3686
6 4 6774
6 5 5186
6 7 3468
6 9 6243
6 10 8449
6 14 3759
6 16 1811
6 17 3412
6 18 3762
6 19 412
6 21 8811
6 22 2620
6 23 4181
6 24 198
6 25 968
6 26 8183
6 27 755
6 28 9636
6 29 6216
6 30 3106
6 33 5487
6 34 9163
6 35 1094
6 36 5353
6 38 2098
6 39 2498
6 40 2599
7 3 9378
7 4 9220
7 6 1180
7 8 8453
7 9 5520
7 10 8618
7 11 9004
7 13 5453
7 15 5961
7 16 4926
7 19 5207
7 20 5949
7 21 6490
7 22 2499
7 23 3493
7 24 2941
7 26 8172
7 27 6188
7 28 8976
7 29 9586
7 30 7045
7 36 6943
7 37 9921
7 39 9422
8 1 7566
8 2 8648
8 3 5365
8 4 1144
8 5 6026
8 6 7225
8 7 2868
8 9 7564
8 10 1300
8 12 6683
8 13 3579
8 14 7842
8 15 609
8 16 5898
8 17 6773
8 20 6473
8 21 2638
8 22 2932
8 23 4813
8 24 7603
8 25 3185
8 26 1724
8 27 2969
8 28 834
8 29 2069
8 33 8751
8 38 1413
8 40 6402
9 1 2136
9 4 9596
9 5 9979
9 6 6131
9 8 981
9 10 773
9 11 2411
9 12 4874
9 14 1251
9 15 9280
9 16 1921
9 17 9672
9 18 6098
9 19 8383
9 21 3719
9 22 9595
9 24 3021
9 25 2562
9 26 4225
9 27 6238
9 29 4318
9 30 3471
9 32 2763
9 33 614
9 34 1617
9 37 937
9 39 4281
9 40 7913
10 32 5250
10 1 1421
10 34 2791
10 35 8272
10 4 8645
10 5 7936
10 6 670
10 39 4302
10 8 2052
10 38 9620
10 11 6941
10 12 8556
10 13 3147
10 14 7484
10 17 8849
10 20 9044
10 25 1888
10 27 8711
11 32 2960
11 1 9426
11 34 6134
11 35 4539
11 36 240
11 22 1881
11 40 5308
11 10 1084
11 12 260
11 13 6160
11 14 63
11 16 6970
11 17 4023
11 18 200
11 21 5031
11 8 7812
11 25 5212
11 26 2603
11 28 326
11 4 7253
12 32 7890
12 1 989
12 2 7037
12 35 7622
12 36 9115
12 38 2411
12 39 3190
12 40 5907
12 9 5997
12 10 8
12 34 6179
12 15 6771
12 13 1127
12 17 4590
12 20 1064
12 8 7258
12 4 8267
12 26 4621
12 27 3160
12 28 5909
12 30 4901
13 1 9066
13 2 5764
13 3 1688
13 5 2071
13 6 4796
13 8 9955
13 9 3980
13 10 2201
13 11 3164
13 14 861
13 15 9731
13 16 6335
13 17 2521
13 18 7783
13 19 2579
13 22 8976
13 23 9803
13 25 3822
13 26 8640
13 27 107
13 28 1217
13 29 7839
13 30 3262
13 31 6959
13 32 9187
13 35 6476
13 36 3466
13 37 6657
13 38 2425
14 32 7925
14 1 1659
14 34 4805
14 3 9032
14 4 6297
14 38 1128
14 6 3432
14 40 7136
14 11 4561
14 12 3308
14 13 6921
14 16 5208
14 17 4077
14 18 7079
14 35 8530
14 20 6153
14 21 1984
14 22 4726
14 23 8108
14 26 2568
14 31 4779
15 3 5098
15 5 7399
15 10 5412
15 11 1822
15 13 8455
15 16 9610
15 17 2651
15 19 2166
15 20 2131
15 22 5548
15 24 7272
15 25 7786
15 26 671
15 28 4966
15 29 6221
15 30 5184
15 32 9981
15 33 2390
15 35 2130
15 36 7172
15 37 9230
15 39 8350
16 2 4907
16 4 6516
16 5 5383
16 6 8429
16 7 1449
16 8 8774
16 9 8862
16 10 5709
16 15 4740
16 17 1541
16 18 7448
16 19 8548
16 20 5405
16 21 2977
16 23 46
16 24 354
16 26 4391
16 27 9072
16 28 7762
16 30 9573
16 31 8673
16 32 2553
16 33 3690
16 34 4139
16 35 9790
16 37 8296
16 39 2828
16 40 3750
17 1 623
17 4 4879
17 5 585
17 7 8736
17 8 9584
17 10 5359
17 15 8706
17 16 5975
17 18 4812
17 20 8654
17 21 2300
17 22 2637
17 27 3617
17 28 6423
17 29 4070
17 30 186
17 32 6244
17 33 4402
17 35 7296
17 36 4276
17 37 8197
17 38 3695
17 39 7017
17 40 3312
18 1 4116
18 2 2673
18 4 3136
18 5 2868
18 6 9559
18 7 2005
18 9 1465
18 10 9529
18 12 3696
18 13 6991
18 15 6365
18 16 293
18 17 3451
18 19 3585
18 20 3413
18 21 6999
18 22 5603
18 23 9949
18 24 3784
18 25 5388
18 26 1038
18 27 3095
18 29 6623
18 30 7015
18 31 7900
18 34 8845
18 35 2923
18 36 5499
18 39 9378
18 40 3287
19 2 6566
19 3 1070
19 4 233
19 5 2990
19 7 9702
19 8 5779
19 11 5698
19 13 9430
19 14 4630
19 15 4989
19 16 44
19 17 2028
19 18 8536
19 21 2337
19 22 7325
19 23 4686
19 24 8695
19 27 3948
19 28 7278
19 30 8907
19 31 3152
19 32 1438
19 33 9451
19 34 2699
19 35 870
19 36 4310
19 37 6531
19 38 1445
19 39 2276
19 40 9530
20 1 1564
20 2 202
20 4 4618
20 5 8621
20 6 4704
20 7 8283
20 8 9703
20 9 829
20 10 5887
20 13 2455
20 14 76
20 15 1137
20 18 2569
20 19 2968
20 21 7075
20 22 3168
20 23 3539
20 26 5824
20 28 5899
20 29 7773
20 30 2590
20 31 6289
20 32 966
20 34 5923
20 35 5433
20 36 7386
20 37 5945
21 2 2078
21 5 335
21 6 3202
21 7 8590
21 10 8201
21 11 1792
21 14 931
21 15 8288
21 16 1337
21 17 8402
21 19 1100
21 23 9972
21 26 7622
21 28 9406
21 29 2393
21 30 2329
21 31 9017
21 32 7068
21 34 858
21 35 9658
21 36 6844
21 37 4395
21 38 6373
21 39 4534
21 40 5169
22 35 8343
22 2 6119
22 3 9345
22 36 8728
22 37 1800
22 38 245
22 7 5778
22 8 5957
22 39 6808
22 12 8746
22 13 931
22 16 1003
22 17 1895
22 19 4620
22 20 8569
22 24 2368
22 25 8932
22 28 9617
22 4 1297
23 1 2992
23 2 252
23 3 8769
23 4 6479
23 7 282
23 10 7160
23 12 7063
23 14 66
23 15 2649
23 16 2447
23 17 907
23 18 3971
23 19 9425
23 20 8885
23 21 114
23 22 7096
23 24 1094
23 25 3959
23 27 9364
23 28 3731
23 29 3556
23 31 6858
23 32 5825
23 33 546
23 36 2740
23 38 5688
23 39 1176
23 40 1988
24 1 991
24 3 1793
24 5 3900
24 7 3973
24 8 2035
24 9 9198
24 11 5938
24 12 5178
24 15 6672
24 18 2122
24 20 2812
24 21 8942
24 23 5928
24 25 2355
24 27 9282
24 30 3369
24 31 8353
24 32 106
24 34 8004
24 35 2508
24 36 6648
24 38 3629
24 39 5662
24 40 3814
25 3 5319
25 4 6905
25 7 4082
25 8 8090
25 10 7108
25 11 5708
25 12 8985
25 13 4784
25 14 6137
25 15 9251
25 16 9184
25 17 8962
25 19 5064
25 20 4600
25 21 3591
25 22 9243
25 23 906
25 26 5073
25 27 8813
25 28 6760
25 29 9609
25 32 652
25 35 8578
25 36 2855
25 37 1703
25 40 3039
26 2 9708
26 3 2670
26 4 8581
26 5 8177
26 7 3734
26 8 5533
26 10 9366
26 11 9453
26 12 946
26 15 6555
26 16 1073
26 17 1387
26 19 1769
26 20 9123
26 22 9200
26 23 5833
26 24 4333
26 25 1816
26 27 24
26 28 6108
26 29 5975
26 30 2718
26 31 4360
26 34 6016
26 36 2549
26 39 986
27 1 2913
27 2 1241
27 4 2644
27 5 887
27 6 8805
27 9 2955
27 10 5496
27 11 9063
27 12 2647
27 13 389
27 14 9218
27 15 6471
27 17 2792
27 18 9064
27 22 8253
27 23 8951
27 25 3589
27 26 4352
27 31 7930
27 32 2459
27 33 7066
27 35 6918
27 36 5377
27 38 3136
27 39 2144
27 40 5032
28 1 6703
28 2 2337
28 3 5214
28 4 6417
28 5 7360
28 6 8421
28 7 9406
28 10 1892
28 12 1584
28 13 8920
28 14 7974
28 16 6168
28 17 6567
28 19 1157
28 21 7806
28 23 5193
28 24 597
28 25 7442
28 26 3815
28 27 8698
28 29 2328
28 30 8309
28 31 7702
28 32 8250
28 33 3390
28 34 8172
28 35 2386
28 36 2472
28 37 248
28 38 1903
28 39 9567
29 3 9146
29 4 4238
29 6 1072
29 7 5655
29 8 6229
29 10 1522
29 11 3328
29 12 2572
29 13 6856
29 14 2849
29 16 221
29 17 1322
29 18 5889
29 19 9659
29 20 9437
29 21 6412
29 22 7203
29 23 9518
29 24 2304
29 27 5387
29 33 1989
29 34 4981
29 35 5856
29 36 5781
29 37 5189
30 1 4474
30 2 3899
30 3 8010
30 4 4584
30 6 5067
30 7 7814
30 9 5545
30 11 5139
30 12 4563
30 14 5783
30 16 900
30 19 1589
30 20 2055
30 21 5494
30 22 7036
30 24 4323
30 28 5007
30 29 1661
30 31 8822
30 33 2271
30 34 4579
30 36 566
30 37 338
30 38 5252
30 39 5118
30 40 4906
31 1 2057
31 3 7165
31 4 9204
31 5 4509
31 6 6962
31 7 2191
31 8 882
31 10 2499
31 11 7890
31 12 1900
31 13 5871
31 14 1015
31 16 8297
31 18 3010
31 19 586
31 20 8644
31 22 848
31 25 2768
31 27 1616
31 29 1849
31 32 2340
31 34 594
31 36 8472
31 37 3346
31 38 3442
31 39 7037
32 33 8741
32 2 4583
32 3 1998
32 36 4983
32 37 645
32 38 1624
32 7 5389
32 9 4033
32 11 6334
32 34 377
32 14 9378
32 15 5380
32 16 3327
32 19 722
32 21 6508
32 24 151
32 25 2345
32 28 9914
32 5 8197
33 1 4796
33 2 1419
33 3 1641
33 4 3542
33 6 6641
33 7 5800
33 9 2838
33 10 6916
33 13 5868
33 14 8443
33 15 8008
33 17 8058
33 18 6660
33 19 3105
33 20 6513
33 22 8233
33 24 9038
33 27 4851
33 30 93
33 31 3131
33 32 5132
33 34 9838
33 35 9308
33 36 5312
33 37 1667
33 38 6015
34 2 4647
34 3 3401
34 4 2896
34 6 5990
34 7 186
34 8 2783
34 9 7814
34 10 1023
34 12 8939
34 13 4746
34 16 9148
34 17 4429
34 21 6290
34 22 9189
34 24 225
34 27 7777
34 28 6473
34 29 7344
34 30 3422
34 31 7104
34 33 2351
34 36 2641
34 37 4106
34 38 599
34 39 5425
35 2 1161
35 3 3418
35 4 7499
35 6 5760
35 7 6743
35 8 5232
35 9 4384
35 11 1677
35 13 4013
35 14 1411
35 15 877
35 16 2398
35 19 1299
35 20 1978
35 23 6893
35 24 5375
35 28 2593
35 29 7029
35 32 1014
35 34 2815
35 36 5359
35 37 4135
36 2 2999
36 3 8084
36 4 4055
36 5 784
36 8 1823
36 11 8757
36 13 8153
36 15 4891
36 17 9992
36 18 9685
36 19 8363
36 21 639
36 22 3955
36 25 2766
36 27 8855
36 28 2547
36 29 3624
36 32 914
36 33 3303
36 35 9619
36 37 225
36 38 7850
36 39 4853
36 40 6577
37 1 2416
37 2 9718
37 3 6638
37 4 7702
37 5 3971
37 6 5410
37 11 8419
37 13 7116
37 14 8276
37 15 6811
37 16 3135
37 20 6018
37 22 9297
37 24 6547
37 25 5916
37 27 7981
37 28 926
37 29 8829
37 30 787
37 31 5678
37 33 3101
37 34 9632
37 36 1670
37 38 7509
37 39 5903
37 40 263
38 32 1821
38 1 7838
38 35 4424
38 36 9488
38 37 9951
38 7 1484
38 8 6418
38 10 3525
38 11 8689
38 12 77
38 15 40
38 16 8327
38 40 2884
38 19 5258
38 20 4329
38 22 9085
38 23 2466
38 4 1521
38 39 4386
38 28 3921
38 30 7437
39 1 7400
39 2 1334
39 3 6903
39 4 938
39 6 8604
39 7 9590
39 8 3593
39 9 9550
39 11 1867
39 12 279
39 14 8439
39 15 8844
39 16 9823
39 20 9841
39 23 7709
39 25 3513
39 27 2387
39 28 996
39 29 7116
39 30 5560
39 31 9488
39 32 7937
39 35 4880
39 36 7360
39 37 6791
39 40 7077
40 1 7154
40 3 435
40 4 9412
40 7 9369
40 8 7304
40 11 6609
40 14 6642
40 15 4816
40 16 9310
40 17 898
40 18 9002
40 20 3520
40 21 6493
40 24 9978
40 25 4866
40 29 8800
40 30 1537
40 31 3120
40 33 317
40 34 1032
40 35 5072
40 36 3998
40 37 2780
40 38 4571
