40 1000
1 4 3670
1 5 2948
1 6 10000
1 7 1460
1 8 10000
1 9 10000
1 10 10000
1 11 10000
1 12 10000
1 13 10000
1 14 10000
1 15 321
1 16 10000
1 17 10000
1 18 10000
1 19 7988
1 20 10000
1 21 10000
1 22 10000
1 23 10000
1 24 1353
1 26 10000
1 27 10000
1 28 10000
1 31 10000
1 32 10000
1 33 10000
1 36 10000
1 37 10000
1 38 10000
1 39 10000
1 40 10000
2 1 10000
2 4 10000
2 6 10000
2 7 10000
2 9 6225
2 10 10000
2 11 2445
2 17 10000
2 18 10000
2 19 10000
2 20 10000
2 21 4806
2 22 10000
2 24 10000
2 25 10000
2 26 10000
2 29 10000
2 30 10000
2 32 10000
2 33 10000
2 35 10000
2 36 10000
2 37 10000
2 38 1715
2 39 10000
2 40 10000
3 1 10000
3 2 10000
3 4 10000
3 6 10000
3 7 10000
3 9 10000
3 10 10000
3 11 10000
3 14 10000
3 15 10000
3 16 10000
3 17 10000
3 19 10000
3 20 10000
3 21 10000
3 22 10000
3 23 10000
3 24 10000
3 25 10000
3 26 10000
3 27 10000
3 28 10000
3 37 10000
3 38 10000
4 2 10000
4 3 10000
4 5 722
4 6 10000
4 7 2214
4 8 10000
4 10 10000
4 11 10000
4 12 10000
4 13 10000
4 14 10000
4 16 10000
4 17 10000
4 18 10000
4 22 10000
4 23 10000
4 24 5023
4 25 10000
4 26 10000
4 27 10000
4 29 10000
4 32 10000
4 33 10000
4 34 10000
4 35 10000
4 40 10000
5 2 10000
5 3 10000
5 6 10000
5 8 10000
5 13 10000
5 16 10000
5 17 10000
5 19 5041
5 20 10000
5 21 10000
5 23 10000
5 26 10000
5 27 10000
5 28 10000
5 30 10000
5 31 10000
5 32 10000
5 33 10000
5 35 10000
5 38 10000
5 39 10000
5 40 10000
6 1 10000
6 2 10000
6 4 10000
6 7 10000
6 8 10000
6 10 10000
6 14 732
6 15 10000
6 17 10000
6 20 10000
6 21 10000
6 22 10000
6 23 10000
6 24 10000
6 28 46
6 29 10000
6 30 439
6 31 4519
6 32 10000
6 33 10000
6 36 1111
6 38 10000
6 40 7105
7 1 1463
7 2 10000
7 3 10000
7 4 2211
7 5 1486
7 6 10000
7 8 10000
7 11 10000
7 12 10000
7 14 10000
7 16 10000
7 17 10000
7 18 10000
7 21 10000
7 22 10000
7 24 2805
7 25 10000
7 27 10000
7 29 10000
7 30 10000
7 32 10000
7 33 10000
7 34 10000
7 37 10000
7 38 10000
7 40 10000
8 1 10000
8 2 10000
8 3 10000
8 4 10000
8 5 10000
8 6 10000
8 7 10000
8 9 7901
8 12 10000
8 13 10000
8 16 10000
8 17 10000
8 22 10000
8 24 10000
8 25 10000
8 26 1258
8 27 10000
8 30 10000
8 31 10000
8 32 10000
8 33 3236
8 34 5036
8 35 10000
8 36 10000
8 38 10000
8 39 10000
9 1 10000
9 2 6225
9 3 10000
9 4 10000
9 5 10000
9 6 10000
9 7 10000
9 8 7905
9 10 10000
9 12 10000
9 15 10000
9 16 10000
9 17 10000
9 20 10000
9 21 1408
9 22 10000
9 24 10000
9 26 9156
9 28 10000
9 29 10000
9 30 10000
9 31 10000
9 32 10000
9 34 10000
9 35 10000
9 36 10000
9 39 10000
9 40 10000
10 32 10000
10 34 1955
10 3 10000
10 6 10000
10 38 10000
10 39 10000
10 40 10000
10 12 10000
10 5 10000
10 14 10000
10 15 10000
10 8 3083
10 18 10000
10 20 8510
10 23 10000
10 26 1819
10 28 10000
10 13 10000
10 31 10000
11 2 2439
11 3 10000
11 4 10000
11 5 10000
11 6 10000
11 7 10000
11 8 10000
11 9 8661
11 13 3261
11 15 10000
11 18 10000
11 19 10000
11 22 10000
11 23 10000
11 24 10000
11 25 10000
11 26 10000
11 27 10000
11 28 10000
11 29 10000
11 31 7335
11 32 10000
11 34 10000
11 36 10000
11 37 10000
11 38 726
11 40 10000
12 1 10000
12 2 10000
12 3 10000
12 4 10000
12 5 10000
12 8 10000
12 9 10000
12 10 10000
12 11 10000
12 13 10000
12 14 10000
12 15 10000
12 16 1967
12 17 10000
12 18 10000
12 19 10000
12 22 3356
12 23 3147
12 25 4138
12 26 10000
12 27 4795
12 28 10000
12 29 2756
12 31 10000
12 32 7059
12 33 10000
12 34 10000
12 35 4598
12 36 10000
12 40 10000
13 2 5702
13 4 10000
13 5 10000
13 6 8594
13 7 10000
13 8 10000
13 9 10000
13 10 10000
13 11 3255
13 12 10000
13 17 10000
13 18 10000
13 19 10000
13 20 10000
13 21 10000
13 22 10000
13 23 10000
13 24 10000
13 26 10000
13 28 8643
13 29 10000
13 30 8150
13 32 10000
13 34 10000
13 36 7481
13 37 10000
13 38 3991
13 40 10000
14 1 10000
14 2 10000
14 4 10000
14 5 10000
14 6 729
14 7 10000
14 8 10000
14 10 10000
14 11 10000
14 16 10000
14 18 10000
14 19 10000
14 20 10000
14 21 10000
14 22 10000
14 25 10000
14 27 10000
14 29 10000
14 32 10000
14 33 10000
14 35 10000
14 37 10000
14 39 10000
15 32 10000
15 1 317
15 3 10000
15 36 10000
15 5 2634
15 6 10000
15 7 1138
15 8 10000
15 9 10000
15 10 10000
15 11 10000
15 12 10000
15 16 10000
15 22 10000
15 24 1668
15 26 10000
15 38 10000
15 28 10000
15 29 10000
15 30 10000
15 31 10000
16 2 10000
16 3 10000
16 4 10000
16 6 10000
16 7 10000
16 8 10000
16 10 10000
16 12 1972
16 13 10000
16 14 10000
16 17 8463
16 19 10000
16 20 7461
16 22 5325
16 24 10000
16 25 2170
16 28 10000
16 29 794
16 30 10000
16 31 10000
16 34 10000
16 35 6567
16 37 9433
17 1 10000
17 2 10000
17 3 10000
17 4 10000
17 6 10000
17 7 10000
17 9 10000
17 10 10000
17 11 10000
17 12 10000
17 13 10000
17 15 10000
17 24 10000
17 25 6292
17 26 10000
17 27 10000
17 30 10000
17 32 3369
17 33 10000
17 35 10000
17 36 10000
17 37 10000
17 38 10000
17 39 10000
18 1 10000
18 2 10000
18 35 10000
18 36 10000
18 5 10000
18 38 10000
18 39 10000
18 40 10000
18 9 10000
18 12 10000
18 15 10000
18 19 10000
18 20 10000
18 21 10000
18 22 10000
18 23 10000
18 24 10000
18 25 10000
18 26 10000
18 29 10000
18 30 10000
19 2 10000
19 5 5036
19 6 10000
19 7 6533
19 10 10000
19 11 10000
19 12 10000
19 14 10000
19 15 7666
19 16 10000
19 17 10000
19 18 10000
19 21 10000
19 22 10000
19 24 9345
19 25 10000
19 28 10000
19 30 10000
19 31 10000
19 32 10000
19 33 10000
19 34 10000
19 35 10000
19 36 10000
19 37 10000
19 39 10000
19 40 10000
20 1 10000
20 3 10000
20 4 10000
20 5 10000
20 7 10000
20 9 10000
20 11 10000
20 12 5491
20 13 10000
20 14 10000
20 15 10000
20 16 7462
20 19 10000
20 22 2126
20 23 2335
20 24 10000
20 27 694
20 28 10000
20 29 8249
20 30 10000
20 31 10000
20 33 10000
20 34 6550
20 35 893
20 36 10000
20 37 1972
20 39 3725
20 40 10000
21 1 10000
21 3 10000
21 4 10000
21 6 10000
21 8 9315
21 9 1407
21 10 10000
21 11 7246
21 12 10000
21 13 10000
21 14 10000
21 15 10000
21 16 10000
21 19 10000
21 20 10000
21 23 10000
21 24 10000
21 27 10000
21 29 10000
21 33 6071
21 34 10000
21 36 10000
21 37 10000
21 38 6515
21 39 10000
22 1 10000
22 2 10000
22 6 10000
22 7 10000
22 8 10000
22 9 10000
22 12 3360
22 14 10000
22 17 10000
22 18 10000
22 19 10000
22 20 2132
22 21 10000
22 23 209
22 25 7501
22 26 10000
22 27 1442
22 30 10000
22 31 10000
22 32 10000
22 33 10000
22 34 8683
22 35 1242
22 36 10000
22 37 4099
22 38 10000
22 40 10000
23 3 10000
23 4 10000
23 5 10000
23 6 10000
23 9 10000
23 10 10000
23 11 10000
23 13 10000
23 14 10000
23 15 10000
23 18 10000
23 20 2345
23 22 210
23 24 10000
23 26 10000
23 28 10000
23 29 5909
23 30 10000
23 31 10000
23 32 10000
23 34 8894
23 35 1450
23 36 10000
23 37 4311
23 38 10000
24 32 10000
24 33 10000
24 2 10000
24 35 10000
24 4 5024
24 39 10000
24 40 10000
24 10 10000
24 7 2808
24 12 10000
24 15 1670
24 16 10000
24 17 10000
24 18 10000
24 19 9345
24 20 10000
24 21 10000
24 23 10000
24 27 10000
24 31 10000
25 1 10000
25 5 10000
25 9 10000
25 10 10000
25 11 10000
25 12 4143
25 15 10000
25 16 2175
25 17 6287
25 18 10000
25 20 9633
25 21 10000
25 22 7504
25 24 10000
25 26 10000
25 27 8945
25 31 10000
25 32 2923
25 33 10000
25 36 10000
25 37 10000
25 38 10000
25 39 5915
25 40 10000
26 1 10000
26 3 10000
26 4 10000
26 6 10000
26 7 10000
26 8 1258
26 9 9157
26 10 1819
26 11 10000
26 12 10000
26 13 10000
26 14 10000
26 15 10000
26 19 10000
26 20 10000
26 21 10000
26 22 10000
26 23 10000
26 24 10000
26 25 10000
26 27 10000
26 28 10000
26 29 10000
26 30 10000
26 31 10000
26 33 4499
26 34 3782
26 36 10000
27 32 10000
27 33 10000
27 34 7242
27 35 196
27 4 10000
27 5 10000
27 38 10000
27 39 3028
27 8 10000
27 11 10000
27 12 4798
27 18 10000
27 3 10000
27 21 10000
27 22 1445
27 23 1651
27 24 10000
27 36 10000
27 26 10000
27 29 7557
28 2 10000
28 4 10000
28 5 10000
28 6 55
28 9 10000
28 12 10000
28 13 8644
28 14 784
28 15 10000
28 17 10000
28 18 10000
28 19 10000
28 20 10000
28 21 10000
28 22 10000
28 24 10000
28 25 10000
28 26 10000
28 27 10000
28 31 4573
28 32 10000
28 33 10000
28 34 10000
28 35 10000
28 38 10000
28 40 7047
29 1 10000
29 3 10000
29 6 10000
29 8 10000
29 9 10000
29 11 10000
29 13 10000
29 15 10000
29 16 787
29 17 7672
29 18 10000
29 20 8245
29 21 10000
29 22 6124
29 23 5906
29 24 10000
29 26 10000
29 30 10000
29 31 10000
29 33 10000
29 36 10000
29 37 10000
29 38 10000
29 39 4528
29 40 10000
30 2 10000
30 3 10000
30 5 10000
30 8 10000
30 9 10000
30 12 10000
30 13 8150
30 14 292
30 16 10000
30 18 10000
30 19 10000
30 20 10000
30 22 10000
30 23 10000
30 24 10000
30 25 10000
30 26 10000
30 27 10000
30 28 493
30 29 10000
30 31 4075
30 32 10000
30 33 10000
30 34 10000
30 35 10000
30 36 671
30 39 10000
31 1 10000
31 2 9770
31 4 10000
31 5 10000
31 6 4516
31 7 10000
31 8 10000
31 10 10000
31 11 7334
31 12 10000
31 14 3795
31 15 10000
31 16 10000
31 17 10000
31 18 10000
31 20 10000
31 22 10000
31 24 10000
31 25 10000
31 27 10000
31 28 4571
31 29 10000
31 32 10000
31 35 10000
31 36 3411
31 37 10000
31 38 8055
32 1 10000
32 2 10000
32 3 10000
32 6 10000
32 12 7061
32 14 10000
32 16 5090
32 17 3366
32 20 10000
32 22 10000
32 23 10000
32 24 10000
32 27 10000
32 28 10000
32 30 10000
32 31 10000
32 34 10000
32 35 10000
32 36 10000
32 37 10000
32 38 10000
32 39 8825
33 2 10000
33 3 10000
33 5 10000
33 6 10000
33 7 10000
33 8 3243
33 10 6323
33 11 10000
33 14 10000
33 15 10000
33 16 10000
33 17 10000
33 19 10000
33 22 10000
33 24 10000
33 25 10000
33 26 4499
33 27 10000
33 28 10000
33 29 10000
33 31 10000
33 32 10000
33 35 10000
33 36 10000
33 38 10000
33 39 10000
34 5 10000
34 6 10000
34 4 10000
34 37 4577
34 38 10000
34 9 10000
34 11 10000
34 12 10000
34 13 10000
34 15 10000
34 17 10000
34 18 10000
34 19 10000
34 20 6549
34 24 10000
34 25 10000
34 26 3778
34 27 7242
34 28 10000
34 30 10000
34 31 10000
35 2 10000
35 4 10000
35 5 10000
35 6 10000
35 7 10000
35 9 10000
35 10 9402
35 11 10000
35 12 4598
35 14 10000
35 15 10000
35 16 6568
35 19 10000
35 21 10000
35 22 1237
35 23 1447
35 24 10000
35 27 198
35 28 10000
35 31 10000
35 33 10000
35 36 10000
35 37 2860
35 38 10000
35 39 2834
36 1 10000
36 2 10000
36 35 10000
36 33 10000
36 39 10000
36 40 8207
36 9 10000
36 12 10000
36 13 7476
36 14 382
36 16 10000
36 17 10000
36 21 10000
36 22 10000
36 24 10000
36 25 10000
36 27 10000
36 28 1164
36 30 675
37 5 10000
37 6 10000
37 7 10000
37 9 10000
37 10 6537
37 11 10000
37 12 7460
37 13 10000
37 15 10000
37 16 9427
37 17 10000
37 18 10000
37 19 10000
37 20 1973
37 23 4313
37 24 10000
37 25 10000
37 26 8357
37 27 2656
37 28 10000
37 29 10000
37 30 10000
37 32 10000
37 33 10000
37 34 4581
37 35 2858
37 36 10000
37 38 10000
37 39 5687
37 40 10000
38 2 1709
38 3 10000
38 4 10000
38 5 10000
38 7 10000
38 8 10000
38 9 7932
38 10 10000
38 11 728
38 12 10000
38 15 10000
38 16 10000
38 17 10000
38 18 10000
38 19 10000
38 21 6519
38 22 10000
38 23 10000
38 26 10000
38 27 10000
38 28 10000
38 30 10000
38 31 8061
38 32 10000
38 33 10000
38 34 10000
38 35 10000
38 37 10000
38 39 10000
38 40 10000
39 1 10000
39 2 10000
39 3 10000
39 4 10000
39 5 10000
39 6 10000
39 7 10000
39 8 10000
39 10 10000
39 12 1772
39 13 10000
39 14 10000
39 18 10000
39 21 10000
39 22 1585
39 23 1378
39 24 10000
39 26 10000
39 27 3028
39 28 10000
39 31 10000
39 33 10000
39 35 2826
39 36 10000
39 37 5695
39 38 10000
39 40 10000
40 3 10000
40 5 10000
40 6 7099
40 8 10000
40 10 10000
40 11 10000
40 14 7828
40 15 10000
40 17 10000
40 18 10000
40 19 10000
40 20 10000
40 22 10000
40 26 10000
40 28 7047
40 29 10000
40 33 10000
40 34 10000
40 36 8210
40 37 10000
40 38 10000
40 39 10000
