40 320
1 19 591
2 40 600
3 10 6643
4 7 7188
5 14 6065
6 4 2275
7 12 60
8 18 9327
9 15 7883
10 16 863
11 13 7680
12 8 4955
13 9 9166
14 1 4047
15 6 5205
16 11 1018
17 2 6100
18 5 5482
19 17 5305
20 32 9943
20 33 9024
20 34 4221
20 35 4468
20 37 1751
20 39 8294
20 21 2202
20 24 8711
20 26 1277
20 27 9974
20 28 8641
20 29 5727
20 30 3601
21 33 9076
21 34 5841
21 35 1171
21 36 5616
21 37 9219
21 38 8463
21 39 6841
21 20 261
21 22 4871
21 24 5370
21 27 6708
21 28 2485
21 30 386
21 31 4219
22 32 6086
22 33 4862
22 34 3787
22 35 2572
22 36 6510
22 37 2555
22 38 1472
22 39 4276
22 20 5370
22 21 4713
22 23 7884
22 24 8984
22 25 1574
22 26 160
22 28 211
22 29 8817
22 30 186
23 32 7944
23 33 294
23 34 5137
23 35 2353
23 36 6957
23 37 9585
23 38 1235
23 39 8995
23 20 1692
23 21 1494
23 22 656
23 24 6553
23 25 364
23 26 1103
23 27 9849
23 28 6182
23 29 4157
23 31 3631
24 32 5185
24 34 3143
24 35 4482
24 36 1342
24 37 8026
24 38 3402
24 39 523
24 20 2561
24 21 7785
24 23 7042
24 25 1729
24 27 36
24 28 3906
24 29 5156
24 31 309
25 32 3750
25 33 344
25 34 1623
25 35 3179
25 36 9614
25 38 5135
25 39 5176
25 20 520
25 21 6062
25 23 6171
25 24 9732
25 26 7422
25 27 8433
25 29 7176
25 30 2266
26 32 2502
26 35 1582
26 36 6395
26 37 7971
26 38 5295
26 20 1182
26 21 1517
26 22 3722
26 23 1757
26 27 9993
26 29 7364
26 30 8261
26 31 5171
27 32 4338
27 33 4148
27 34 5672
27 35 4793
27 36 1263
27 37 9501
27 38 6106
27 39 7579
27 20 7974
27 21 5127
27 22 3895
27 23 8043
27 24 4147
27 25 9886
27 28 6071
28 32 4978
28 33 4801
28 34 8822
28 35 1266
28 38 198
28 39 4068
28 20 5807
28 22 9088
28 23 8727
28 24 2542
28 25 8301
28 26 703
28 27 2524
28 29 1349
28 30 3176
28 31 4350
29 33 9791
29 35 2166
29 36 2541
29 37 6155
29 38 1422
29 39 6741
29 21 1182
29 23 770
29 24 4770
29 25 3840
29 27 6817
29 28 5622
29 30 6018
29 31 6661
30 34 8566
30 36 3100
30 37 5018
30 38 3754
30 39 943
30 20 8881
30 21 5763
30 22 8620
30 23 8246
30 24 9758
30 26 3428
30 27 2965
30 28 686
30 29 5295
31 32 5632
31 33 5452
31 34 5154
31 35 2400
31 36 6589
31 37 5324
31 38 5204
31 39 4209
31 20 9672
31 21 2320
31 22 3575
31 23 1439
31 24 5990
31 25 2640
31 26 7081
31 27 9794
31 28 1289
31 29 9835
31 30 488
32 34 5733
32 35 9411
32 36 9642
32 37 3158
32 39 9223
32 20 7341
32 21 4523
32 22 1712
32 23 8146
32 24 5346
32 25 6945
32 28 5139
32 30 5759
32 31 8620
33 32 6610
33 34 1257
33 35 4928
33 36 4063
33 37 3426
33 38 8286
33 39 9861
33 20 9475
33 21 6469
33 22 6929
33 23 9195
33 24 5650
33 27 9315
33 28 3960
33 29 8008
33 30 5874
33 31 732
34 32 4141
34 33 3063
34 35 1931
34 37 3770
34 38 5834
34 39 8456
34 20 6086
34 21 5487
34 22 2613
34 23 8157
34 24 5695
34 27 2837
34 28 2711
34 29 8105
34 31 4439
35 32 7882
35 33 1130
35 36 296
35 37 7283
35 38 5922
35 39 8158
35 21 8942
35 24 9574
35 25 5181
35 26 924
35 28 3558
35 29 8627
35 30 5290
35 31 7403
36 32 6424
36 33 2096
36 34 8547
36 37 7494
36 38 7891
36 39 9187
36 21 9362
36 23 8088
36 24 6036
36 25 3672
36 26 3820
36 27 2850
36 29 9988
36 30 8952
36 31 8936
37 32 442
37 33 3575
37 34 5577
37 35 9645
37 38 5793
37 39 8169
37 20 3605
37 21 9382
37 23 7176
37 24 8239
37 25 8469
37 26 8993
37 30 6799
37 31 3784
38 32 9735
38 34 1222
38 39 6975
38 20 2293
38 23 592
38 24 1860
38 25 9786
38 26 9840
38 28 7789
38 29 8958
38 30 8092
38 31 5729
39 32 9743
39 33 8518
39 34 3331
39 36 7520
39 37 1656
39 38 4840
39 20 497
39 21 5410
39 23 2446
39 24 3975
39 25 141
39 26 3627
39 27 3115
39 29 2704
39 30 1541
39 31 7951
40 3 1317
