40 450
1 33 4377
1 37 2676
1 6 6460
1 7 2846
1 40 9267
1 12 3317
1 13 4152
1 14 86
1 8 3905
1 19 2869
1 21 9122
1 26 3065
1 27 3350
1 30 1593
1 5 8060
2 19 2293
2 3 6535
2 37 2100
2 6 5884
2 17 6395
2 8 3329
2 11 280
2 13 3576
2 40 8690
2 35 6432
2 20 6701
2 21 8546
2 22 4959
2 27 2774
2 28 8451
2 29 8981
3 28 1916
3 21 2011
3 38 2504
3 5 949
4 32 2930
4 33 2831
4 36 2999
4 6 4914
4 38 8069
4 17 5425
4 8 2359
4 39 7511
4 13 2606
4 16 6664
4 40 7720
4 18 5793
4 19 1323
4 21 7576
4 22 3989
4 24 1556
4 27 1804
4 28 7481
4 30 47
4 37 1130
5 16 150
5 21 1062
5 39 997
6 35 548
6 5 1600
6 38 3155
6 16 1750
6 17 511
6 18 879
6 3 651
6 20 817
6 29 3097
7 32 1630
7 34 5703
7 38 6769
7 17 4125
7 8 1059
7 10 1045
7 12 471
7 13 1306
7 16 5364
7 40 6420
7 22 2689
7 25 1481
7 26 219
7 28 6181
8 32 571
8 34 4644
8 5 4155
8 6 2555
8 40 5361
8 9 2485
8 16 4305
8 18 3434
8 20 3372
8 21 5217
8 22 1630
8 25 422
8 29 5652
9 34 2159
9 3 721
9 5 1670
9 38 3225
9 39 2667
9 40 2876
9 16 1820
9 17 581
9 18 949
9 35 618
9 20 887
10 32 585
10 35 3117
10 36 654
10 5 4169
10 38 5724
10 39 5166
10 8 14
10 9 2499
10 17 3080
10 20 3386
10 25 436
10 28 5136
11 4 690
11 5 7204
11 6 5604
11 7 1990
11 8 3049
11 9 5534
11 12 2461
11 13 3296
11 17 6115
11 19 2013
11 20 6421
11 24 2246
11 25 3471
11 28 8171
11 29 8701
11 32 3620
11 33 3521
11 35 6152
11 36 3689
11 38 8759
11 39 8201
11 40 8410
12 32 1159
12 33 1060
12 36 1228
12 5 4743
12 6 3143
12 39 5740
12 40 5949
12 10 574
12 13 835
12 16 4893
12 17 3654
12 21 5805
12 22 2218
12 27 33
12 29 6240
13 34 4397
13 35 2856
13 5 3908
13 39 4905
13 40 5114
13 18 3187
13 3 2959
13 20 3125
13 22 1383
13 25 175
13 29 5405
14 3 7025
14 4 1460
14 5 7974
14 6 6374
14 7 2760
14 8 3819
14 9 6304
14 10 3805
14 12 3231
14 13 4066
14 15 1549
14 16 8124
14 17 6885
14 18 7253
14 19 2783
14 20 7191
14 21 9036
14 23 411
14 24 3016
14 25 4241
14 26 2979
14 27 3264
14 29 9471
14 31 3465
14 32 4390
14 33 4291
14 34 8463
14 36 4459
14 37 2590
14 38 9529
15 32 2841
15 33 2742
15 34 6914
15 3 5476
15 6 4825
15 7 1211
15 40 7631
15 9 4755
15 10 2256
15 12 1682
15 13 2517
15 8 2270
15 16 6575
15 17 5336
15 21 7487
15 22 3900
15 24 1467
15 25 2692
15 26 1430
15 28 7392
15 31 1916
16 40 1056
16 34 339
16 39 847
17 5 1089
17 40 2295
17 20 306
17 21 2151
17 28 2056
17 29 2586
18 34 1210
18 5 721
18 39 1718
18 16 871
18 21 1783
18 28 1688
18 29 2218
19 32 1607
19 34 5680
19 35 4139
19 5 5191
19 38 6746
19 39 6188
19 40 6397
19 9 3521
19 10 1022
19 13 1283
19 17 4102
19 18 4470
19 3 4242
19 21 6253
19 22 2666
19 26 196
19 29 6688
20 34 1272
20 16 933
20 18 62
20 21 1845
20 28 1750
20 29 2280
21 29 435
21 38 493
22 3 1576
22 39 3522
22 16 2675
22 17 1436
22 35 1473
22 28 3492
23 2 79
23 3 6614
23 5 7563
23 7 2349
23 8 3408
23 9 5893
23 12 2820
23 13 3655
23 15 1138
23 16 7713
23 20 6780
23 21 8625
23 26 2568
23 27 2853
23 29 9060
23 31 3054
23 32 3979
23 33 3880
23 34 8052
23 35 6511
23 36 4048
23 38 9118
23 39 8560
23 40 8769
24 32 1374
24 33 1275
24 34 5447
24 5 4958
24 38 6513
24 39 5955
24 8 803
24 12 215
24 17 3869
24 18 4237
24 21 6020
24 6 3358
24 28 5925
24 29 6455
25 32 149
25 34 4222
25 35 2681
25 5 3733
25 39 4730
25 40 4939
25 16 3883
25 17 2644
25 3 2784
25 21 4795
25 22 1208
25 28 4700
25 29 5230
26 32 1411
26 33 1312
26 34 5484
26 35 3943
26 38 6550
26 6 3395
26 39 5992
26 40 6201
26 9 3325
26 10 826
26 13 1087
26 8 840
26 17 3906
26 18 4274
26 22 2470
26 25 1262
26 27 285
26 5 4995
26 31 486
27 3 3761
27 36 1195
27 5 4710
27 6 3110
27 40 5916
27 9 3040
27 10 541
27 13 802
27 8 555
27 21 5772
27 25 977
27 28 5677
27 29 6207
28 40 239
28 29 530
28 38 588
28 39 30
30 34 6956
30 35 5415
30 5 6467
30 6 4867
30 39 7464
30 8 2312
30 9 4797
30 10 2298
30 7 1253
30 13 2559
30 16 6617
30 40 7673
30 19 1276
30 20 5684
30 22 3942
30 24 1509
30 25 2734
30 28 7434
30 37 1083
30 31 1958
31 32 925
31 33 826
31 34 4998
31 3 3560
31 17 3420
31 6 2909
31 38 6064
31 39 5506
31 40 5715
31 9 2839
31 10 340
31 8 354
31 18 3788
31 35 3457
31 25 776
31 28 5476
31 29 6006
32 35 2532
32 36 69
32 6 1984
32 38 5139
32 39 4581
32 40 4790
32 16 3734
32 20 2801
32 22 1059
32 28 4551
32 29 5081
33 32 99
33 35 2631
33 36 168
33 5 3683
33 6 2083
33 39 4680
33 9 2013
33 16 3833
33 17 2594
33 18 2962
33 22 1158
33 38 5238
33 29 5180
34 40 717
34 39 508
35 40 2258
35 3 103
35 5 1052
35 21 2114
35 39 2049
36 34 4004
36 3 2566
36 5 3515
36 38 5070
36 40 4721
36 9 1845
36 17 2426
36 18 2794
36 20 2732
36 22 990
36 6 1915
36 29 5012
37 34 5873
37 3 4435
37 36 1869
37 5 5384
37 39 6381
37 8 1229
37 9 3714
37 10 1215
37 12 641
37 17 4295
37 19 193
37 20 4601
37 21 6446
37 26 389
37 29 6881
39 21 65
39 38 558
39 29 500
40 29 291
40 38 349
