37 300
2 33 2679
2 4 7156
2 5 4333
2 9 2870
2 15 6010
2 17 4345
2 23 5636
2 31 9944
3 33 1962
3 36 9649
3 9 2639
3 19 2646
3 23 2336
3 27 5098
3 29 4065
3 31 4727
4 32 9732
4 2 704
4 36 2967
4 5 7098
4 8 5477
4 9 2152
4 13 7147
4 18 8921
4 19 7004
4 31 1621
5 8 1949
5 9 8773
5 12 6453
5 20 4038
5 21 2703
5 23 1371
5 25 7809
6 2 6837
6 3 3699
6 7 9946
6 13 6230
6 27 2991
6 29 1050
6 31 383
7 20 9401
7 35 4493
7 36 1040
7 13 9462
8 33 6416
8 3 188
8 36 7532
8 7 5914
8 10 9626
8 18 9559
8 29 7339
9 32 7085
9 6 2999
9 10 5758
9 11 2871
9 15 5970
9 17 7455
9 23 2455
10 6 9164
10 7 5136
10 8 4519
10 12 5378
10 13 3896
10 16 3335
10 22 9869
10 23 6218
10 28 708
10 31 4456
11 32 2068
11 8 6472
11 10 8778
11 12 8879
11 13 4873
11 15 2942
11 16 290
11 19 8230
11 26 7367
11 30 250
12 33 3619
12 13 8918
12 19 3081
12 21 5209
12 25 8800
12 29 5059
13 34 2092
13 5 8036
13 6 3001
13 7 8441
13 9 8548
13 10 3690
13 2 1753
13 14 4284
13 17 6204
13 19 4811
13 25 9490
13 28 3414
14 3 3124
14 9 1809
14 12 6058
14 16 176
14 18 173
14 21 7130
14 22 5614
14 28 792
14 29 7525
15 36 1939
15 5 5102
15 13 4998
15 16 2530
15 20 7197
15 21 342
15 22 935
15 23 2106
15 25 4033
15 26 7314
15 29 3315
15 4 8394
16 2 9149
16 36 4971
16 6 594
16 7 6137
16 8 9843
16 13 6319
16 15 9598
16 18 6823
16 19 2431
16 21 9844
16 23 164
16 28 7060
16 29 1080
17 32 6259
17 34 613
17 4 6726
17 12 8776
17 23 355
17 30 7927
18 2 3476
18 7 2384
18 11 8009
18 16 5961
18 21 3961
18 23 6384
18 24 6025
18 26 4776
18 30 1901
18 31 5840
19 33 767
19 34 1631
19 8 6480
19 12 4287
19 14 8431
19 16 4290
19 20 8325
19 30 9901
20 35 8163
20 8 2854
20 10 8072
20 16 184
20 27 1712
20 28 5794
20 29 316
20 31 838
21 7 1705
21 17 2846
21 18 3787
21 22 673
21 23 5226
21 25 6452
21 26 7136
21 27 7384
21 29 5072
22 33 2612
22 34 2555
22 3 9427
22 36 5192
22 6 3010
22 16 2049
22 17 6287
22 18 5581
22 24 1977
22 28 286
23 2 1677
23 4 4499
23 7 3515
23 8 5468
23 10 5720
23 13 6084
23 14 7881
23 18 854
23 26 9076
24 32 6074
24 2 9369
24 3 1332
24 8 3817
24 10 9370
24 14 3557
24 22 7224
24 27 7866
24 30 4481
25 35 6753
25 36 5431
25 6 2764
25 12 4886
25 19 299
25 21 3558
25 27 8447
26 33 2955
26 2 6165
26 12 314
26 34 7505
27 32 8829
27 34 10000
27 4 362
27 7 4397
27 10 1618
27 16 7445
27 18 6380
27 20 3542
27 21 290
27 22 3635
27 24 6969
28 3 1597
28 13 9458
28 18 1211
28 20 9073
28 30 1584
28 31 985
29 2 1090
29 35 9826
29 6 3807
29 10 611
29 14 1695
29 15 704
29 16 3383
29 20 9386
29 25 3798
29 26 135
29 31 4200
30 3 810
30 5 1723
30 7 698
30 11 9947
30 14 6283
30 18 2281
30 35 8250
30 20 9885
30 22 5190
30 24 6968
30 25 3697
31 3 7819
31 9 7767
31 10 9849
31 12 2496
31 16 2106
31 20 9205
31 22 6863
31 23 1067
31 25 7515
31 29 1068
32 34 9759
32 5 7516
32 9 7648
32 13 2113
32 15 719
32 25 2491
33 32 7266
33 34 6828
33 4 7416
33 7 6053
33 12 7067
33 13 3454
33 15 8399
33 17 1520
33 20 365
33 23 7991
33 25 1136
34 15 8549
34 21 7966
34 22 1619
34 23 5902
34 25 9818
34 26 3655
34 27 9018
34 31 902
35 2 7867
35 5 7342
35 7 4843
35 19 1836
35 24 3347
35 26 5123
35 31 7108
36 2 764
36 35 8933
36 5 1161
36 14 2158
36 15 141
36 18 9531
36 19 8769
36 23 6716
36 27 7672
