40 450
1 2 1438
1 3 3722
1 4 9065
1 5 8739
1 6 8400
1 9 1756
1 10 7821
1 15 3963
1 16 229
1 18 5132
1 21 2063
1 22 8821
1 23 2298
1 26 125
1 27 6551
1 28 4037
1 31 277
1 32 2484
1 34 5926
1 35 614
1 36 1817
1 37 4806
1 38 3648
1 39 4160
1 40 8403
2 32 1046
2 33 7698
2 3 2284
2 36 379
2 37 3368
2 38 2210
2 39 2722
2 40 6965
2 9 318
2 17 5542
2 18 3694
2 19 709
2 20 7698
2 23 860
2 24 4409
2 6 6962
2 27 5113
2 28 2599
2 29 2494
3 34 2204
3 4 5343
3 6 4678
3 10 4099
3 14 3542
3 17 3258
3 18 1410
3 24 2125
3 29 210
3 30 4524
4 33 71
5 22 82
6 33 736
6 20 736
6 22 421
7 36 746
7 6 7329
7 10 6750
7 12 1607
7 13 287
7 14 6193
7 17 5909
7 18 4061
7 19 1076
7 21 992
7 23 1227
7 24 4776
7 27 5480
7 28 2966
8 1 310
8 3 4032
8 5 9049
8 6 8710
8 7 1381
8 11 806
8 13 1668
8 15 4273
8 16 539
8 19 2457
8 20 9446
8 21 2373
8 22 9131
8 23 2608
8 24 6157
8 26 435
8 27 6861
8 28 4347
8 30 8556
8 31 587
8 32 2794
8 33 9446
8 35 924
8 37 5116
8 39 4470
9 32 728
9 33 7380
9 34 4170
9 3 1966
9 4 7309
9 5 6983
9 38 1892
9 40 6647
9 12 922
9 15 2207
9 17 5224
9 19 391
9 21 307
9 22 7065
9 23 542
9 24 4091
9 36 61
9 28 2281
9 29 2176
9 37 3050
10 33 1315
10 30 425
10 4 1244
10 5 918
10 6 579
11 3 3226
11 2 942
11 35 118
11 36 1321
11 5 8243
11 38 3152
11 7 575
11 9 1260
11 39 3664
11 12 2182
11 13 862
11 14 6768
11 15 3467
11 34 5430
11 17 6484
11 19 1651
11 4 8569
11 28 3541
11 29 3436
11 37 4310
12 33 6458
12 34 3248
12 3 1044
12 4 6387
12 6 5722
12 39 1482
12 10 5143
12 15 1285
12 17 4302
12 18 2454
12 20 6458
12 22 6143
12 24 3169
12 27 3873
12 28 1359
12 29 1254
12 30 5568
13 33 7778
13 34 4568
13 4 7707
13 37 3448
13 38 2290
13 39 2802
13 9 398
13 15 2605
13 17 5622
13 18 3774
13 20 7778
13 22 7463
13 23 940
13 27 5193
13 28 2679
13 30 6888
13 5 7381
14 33 1872
14 4 1801
14 5 1475
14 6 1136
14 40 1139
14 10 557
14 20 1872
15 34 1963
15 4 5102
15 5 4776
15 6 4437
15 39 197
15 40 4440
15 14 3301
15 20 5173
15 24 1884
15 27 2588
15 28 74
15 30 4283
15 37 843
16 33 8907
16 35 385
16 4 8836
16 38 3419
16 6 8171
16 7 842
16 40 8174
16 11 267
16 12 2449
16 15 3734
16 19 1918
16 21 1834
16 22 8592
16 27 6322
16 28 3808
16 30 8017
16 37 4577
17 33 2156
17 10 841
17 4 2085
17 5 1759
17 20 2156
18 33 4004
18 5 3607
18 40 3271
18 10 2689
18 17 1848
18 22 3689
18 27 1419
18 30 3114
19 32 337
19 34 3779
19 4 6918
19 5 6592
19 6 6253
19 40 6256
19 12 531
19 14 5117
19 15 1816
19 17 4833
19 23 151
19 24 3700
19 38 1501
19 28 1890
19 29 1785
19 30 6099
19 37 2659
21 33 7073
21 5 6676
21 6 6337
21 14 5201
21 17 4917
21 24 3784
21 30 6183
23 33 6838
23 6 6102
23 38 1350
23 39 1862
23 10 5523
23 14 4966
23 15 1665
23 17 4682
23 18 2834
23 20 6838
23 29 1634
24 34 79
24 4 3218
24 6 2553
24 40 2556
24 14 1417
24 17 1133
24 20 3289
24 22 2974
24 27 704
25 1 225
25 2 1663
25 11 721
25 36 2042
25 37 5031
25 6 8625
25 7 1296
25 40 8628
25 10 8046
25 39 4385
25 12 2903
25 5 8964
25 17 7205
25 18 5357
25 3 3947
25 20 9361
25 23 2523
25 24 6072
25 33 9361
25 28 4262
25 31 502
26 32 2359
26 3 3597
26 35 489
26 36 1692
26 37 4681
26 6 8275
26 7 946
26 10 7696
26 39 4035
26 12 2553
26 13 1233
26 14 7139
26 15 3838
26 17 6855
26 19 2022
26 20 9011
26 22 8696
26 24 5722
26 27 6426
26 28 3912
26 30 8121
27 33 2585
27 40 1852
27 10 1270
27 17 429
27 20 2585
27 30 1695
28 4 5028
28 5 4702
28 6 4363
28 10 3784
28 18 1095
28 20 5099
28 22 4784
28 37 769
29 33 5204
29 37 874
29 39 228
29 14 3332
29 18 1200
29 22 4889
29 27 2619
29 30 4314
30 40 157
30 4 819
30 5 493
31 33 8859
31 3 3445
31 4 8788
31 5 8462
31 7 794
31 40 8126
31 9 1479
31 10 7544
31 39 3883
31 13 1081
31 15 3686
31 17 6703
31 18 4855
31 20 8859
31 21 1786
31 24 5570
31 36 1540
31 27 6274
31 28 3760
31 29 3655
31 37 4529
32 33 6652
32 4 6581
32 37 2322
32 39 1676
32 10 5337
32 18 2648
32 20 6652
32 24 3363
32 27 4067
32 28 1553
32 29 1448
32 30 5762
34 33 3210
34 4 3139
34 6 2474
34 14 1338
34 17 1054
34 20 3210
35 32 1870
35 36 1203
35 37 4192
35 39 3546
35 40 7789
35 9 1142
35 10 7207
35 7 457
35 12 2064
35 15 3349
35 17 6366
35 18 4518
35 19 1533
35 20 8522
35 21 1449
35 22 8207
35 23 1684
35 4 8451
35 27 5937
35 28 3423
35 30 7632
36 32 667
36 33 7319
36 3 1905
36 5 6922
36 38 1831
36 39 2343
36 10 6004
36 12 861
36 15 2146
36 18 3315
36 19 330
36 20 7319
36 23 481
36 24 4030
36 27 4734
36 28 2220
36 29 2115
36 37 2989
37 33 4330
37 34 1120
37 5 3933
37 6 3594
37 40 3597
37 10 3015
37 14 2458
37 17 2174
37 18 326
37 22 4015
37 24 1041
37 30 3440
38 33 5488
38 34 2278
38 3 74
38 4 5417
38 6 4752
38 40 4755
38 10 4173
38 15 315
38 18 1484
38 24 2199
38 28 389
38 30 4598
39 34 1766
39 4 4905
39 10 3661
39 14 3104
39 17 2820
39 22 4661
39 24 1687
39 27 2391
39 30 4086
40 4 662
