10 70
1 2 7738
1 3 9608
1 4 6312
1 5 5892
1 6 3638
1 7 5005
1 8 7281
1 10 1695
2 3 2041
2 4 1027
2 6 4117
2 7 8231
2 8 3793
2 9 7220
2 10 3667
3 1 2084
3 5 6343
3 6 4196
3 7 103
3 9 9666
3 10 6869
4 1 3498
4 3 9890
4 5 8476
4 6 4472
4 7 3699
4 8 8122
4 9 6214
4 10 7893
5 2 5562
5 4 8676
5 6 4012
5 7 3348
5 8 7747
5 9 5849
5 10 6388
6 1 1689
6 2 5576
6 3 7310
6 4 6477
6 5 6702
6 7 6936
6 8 5297
6 9 6368
6 10 2564
7 1 5416
7 2 4868
7 4 6622
7 5 325
7 6 5656
7 8 8126
7 9 2761
8 1 1436
8 10 1478
8 5 1871
8 2 4470
8 7 7870
9 2 5923
9 3 1990
9 5 454
9 6 9318
9 7 3496
10 1 8127
10 2 9325
10 4 4306
10 5 3833
10 6 2635
10 7 4285
10 8 5713
10 9 1833
